005930
000660
402340
009150
005380
105560
055550
028260
012450
034020
086790
006400
000270
068270
035420
012330
032830
005490
316140
066570
034730
000810
373220
267260
009540
033780
010120
207940
329180
010140
017670
051910
298040
035720
030200
042660
003550
267250
096770
015760
138040
278470
042700
064350
006800
010130
000720
047810
018260
079550
000150
003490
011070
005830
071050
086280
323410
028050
011200
010950
003670
180640
259960
007660
003230
024110
078930
021240
016360
000100
006260
175330
272210
161390
352820
090430
039490
009830
138930
267270
443060
005940
036570
032640
064400
066970
326030
241560
062040
047040
010060
001440
001450
000990
004020
051900
034220
271560
128940
139130
161890
307950
082740
047050
000880
004170
011790
009420
052690
012750
454910
375500
192820
111770
377300
483650
014680
삼성에피스홀딩스
017800
035250
088350
011780
002380
001040
004370
008770
008930
081660
036460
030000
028670
457190
450080
097950
103140
139480
204320
282330
298020
251270
112610
120110
383220
302440
029780
018880
022100
023530
069960
071970
051600
011170
007340
009970
011210
007070
005850
006280
004990
004000
002790
000120
000210
000240
073240
069620
093370
026960
017960
361610
185750
192080
285130
280360
137310
298050
300720
456040
한화머시너리앤서비스홀딩스
034230
071320
069260
000080
000670
001430
001680
001800
003090
005420
005300
006650
006040
007310
009240
008730
002840
003030
002030
014820
268280
196170
086520
247540
036930
039030
028300
240810
277810
403870
108490
087010
058470
222800
298380
319660
214450
141080
000250
080220
084370
095340
178320
095610
067310
032820
347850
310210
257720
226950
064760
098460
083650
357780
131290
005290
145020
263750
089030
007390
058610
319400
089970
039200
237690
140860
031980
041510
035900
290650
323280
131970
475830
096530
078600
214150
030530
068760
082920
218410
241710
183300
445680
090710
214370
101490
에임드바이오
122870
124500
466100
195940
161580
328130
137400
048410
065350
085660
166090
358570
189300
043260
014620
003380
060370
420770
232140
099320
090360
033100
036540
050890
036810
032500
074600
213420
121600
417200
348370
388720
281740
204270
222080
437730
035760
025980
171090
295310
006730
060250
082270
293490
025320
052400
041190
033500
056190
042000
067160
015750
253450
112040
211050
214430
225570
278280
030520
032190
038500
053800
100790
078340
018290
009520
272290
399720
253590
125490
036620
060280
069080
095660
056080
215200
251970
376300
348210
036830
194480
101730
352480
025900
